722 51 1285
51 722 1285
1285 51 722
614 1262 1387
1387 614 1262
1262 614 1387
661 922 1397
1397 661 922
922 661 1397
1373 57 323
57 323 1373
323 57 1373
340 119 442
119 340 442
442 119 340
544 371 1280
371 544 1280
1280 371 544
554 924 1446
924 554 1446
1446 554 924
931 240 766
240 766 931
766 240 931
1000 49 540
540 49 1000
49 540 1000
1138 516 912
516 912 1138
912 516 1138
727 388 1011
1011 388 727
388 727 1011
1347 138 949
138 949 1347
949 138 1347
226 1063 1218
1218 226 1063
1063 226 1218
695 237 1190
1190 237 695
237 695 1190
1415 62 1444
1444 62 1415
62 1415 1444
1493 1209 1469
1209 1469 1493
1469 1209 1493
90 976 1491
976 90 1491
1491 90 976
578 864 1344
1344 578 864
864 578 1344
154 246 1340
1340 154 246
246 154 1340
78 302 1450
1450 78 302
302 78 1450
1179 155 1275
155 1179 1275
1275 155 1179
37 938 1090
1090 37 938
938 37 1090
434 341 913
341 434 913
913 341 434
156 385 1065
1065 156 385
385 156 1065
567 120 701
701 120 567
120 567 701
1389 1303 1430
1303 1389 1430
1430 1303 1389
396 469 1026
1026 396 469
469 396 1026
353 324 339
339 324 353
324 339 353
478 210 863
210 478 863
863 210 478
64 227 1488
227 64 1488
1488 64 227
811 157 456
157 456 811
456 157 811
602 481 988
988 481 602
481 602 988
1147 1041 1230
1230 1041 1147
1041 1147 1230
957 277 318
318 277 957
277 318 957
883 81 1497
1497 81 883
81 883 1497
928 141 347
141 347 928
347 141 928
286 1210 1291
1210 286 1291
1291 286 1210
1128 46 132
132 46 1128
46 132 1128
1054 740 1227
1227 740 1054
740 1054 1227
596 748 1043
748 596 1043
1043 596 748
1020 809 1378
809 1020 1378
1378 809 1020
1201 621 1368
621 1201 1368
1368 621 1201
133 584 728
584 133 728
728 133 584
211 1135 1220
1135 211 1220
1220 211 1135
428 27 1014
1014 27 428
27 428 1014
485 322 359
359 322 485
322 359 485
1136 161 1318
161 1136 1318
1318 161 1136
1499 77 1131
77 1131 1499
1131 77 1499
1319 131 1343
131 1319 1343
1343 131 1319
1203 529 1396
1396 529 1203
529 1203 1396
876 767 1189
767 876 1189
1189 767 876
432 391 643
391 432 643
643 391 432
92 818 828
818 92 828
828 92 818
662 808 1194
1194 662 808
808 662 1194
71 932 1250
932 71 1250
1250 71 932
591 361 400
361 400 591
400 361 591
994 435 466
435 466 994
466 435 994
1479 313 700
700 313 1479
313 700 1479
471 38 123
123 38 471
38 123 471
1150 450 564
564 450 1150
450 564 1150
823 34 813
34 813 823
813 34 823
742 579 1075
1075 579 742
579 742 1075
917 82 978
82 917 978
978 82 917
1200 316 502
502 316 1200
316 502 1200
783 688 1445
688 783 1445
1445 688 783
1255 511 1078
1078 511 1255
511 1078 1255
617 390 736
390 617 736
736 390 617
83 505 1152
1152 83 505
505 83 1152
1109 107 393
393 107 1109
107 393 1109
1244 699 800
699 800 1244
800 699 1244
56 1106 1290
1290 56 1106
1106 56 1290
1089 507 1468
507 1089 1468
1468 507 1089
935 308 652
308 652 935
652 308 935
1008 1040 1252
1040 1008 1252
1252 1008 1040
224 461 987
987 224 461
461 224 987
135 739 907
739 135 907
907 135 739
36 149 859
149 36 859
859 36 149
386 665 790
790 386 665
665 386 790
1496 94 1232
1232 94 1496
94 1232 1496
244 306 1123
1123 244 306
306 244 1123
1111 660 964
660 964 1111
964 660 1111
605 671 1139
671 605 1139
1139 605 671
677 1002 1182
1182 677 1002
1002 677 1182
1460 342 1478
342 1460 1478
1478 342 1460
645 608 884
884 608 645
608 645 884
521 705 1155
705 521 1155
1155 521 705
262 720 911
911 262 720
720 262 911
714 415 1331
415 714 1331
1331 415 714
900 143 588
588 143 900
143 588 900
449 953 1012
1012 449 953
953 449 1012
1307 145 1359
145 1307 1359
1359 145 1307
403 841 1417
841 403 1417
1417 403 841
404 514 758
758 404 514
514 404 758
716 137 830
830 137 716
137 716 830
251 538 625
538 251 625
625 251 538
1057 669 746
746 669 1057
669 746 1057
72 878 1328
1328 72 878
878 72 1328
1216 112 788
788 112 1216
112 788 1216
1051 232 345
232 345 1051
345 232 1051
1272 793 820
820 793 1272
793 820 1272
171 19 509
19 171 509
509 19 171
441 264 1093
1093 264 441
264 441 1093
557 500 892
892 500 557
500 557 892
672 282 822
282 672 822
822 282 672
583 148 304
148 304 583
304 148 583
381 710 1202
710 381 1202
1202 381 710
1028 377 1158
1158 377 1028
377 1028 1158
1107 314 667
314 667 1107
667 314 1107
488 637 1403
1403 488 637
637 488 1403
1198 477 744
744 477 1198
477 744 1198
961 817 1016
1016 817 961
817 961 1016
484 10 437
10 437 484
437 10 484
683 127 779
779 127 683
127 683 779
956 402 1298
1298 402 956
402 956 1298
9 372 1101
1101 9 372
372 9 1101
188 47 857
857 47 188
47 188 857
414 95 975
95 414 975
975 95 414
203 287 1485
287 203 1485
1485 203 287
31 128 515
515 31 128
128 31 515
944 99 221
99 221 944
221 99 944
1046 213 1079
1079 213 1046
213 1046 1079
923 848 936
936 848 923
848 923 936
1269 115 697
115 697 1269
697 115 1269
269 582 1459
582 269 1459
1459 269 582
1345 292 1140
1140 292 1345
292 1140 1345
973 1009 1474
1009 973 1474
1474 973 1009
905 551 995
551 905 995
995 551 905
1191 723 1204
1204 723 1191
723 1191 1204
208 11 350
11 208 350
350 11 208
1476 301 708
301 708 1476
708 301 1476
1249 570 1010
570 1010 1249
1010 570 1249
655 1105 1438
1105 655 1438
1438 655 1105
1277 769 873
873 769 1277
769 873 1277
942 215 220
215 220 942
220 215 942
275 745 1454
745 275 1454
1454 275 745
1154 1300 1442
1300 1154 1442
1442 1154 1300
899 321 977
977 321 899
321 899 977
337 259 561
561 259 337
259 337 561
354 644 1431
644 354 1431
1431 354 644
205 585 1175
1175 205 585
585 205 1175
594 239 1480
239 594 1480
1480 239 594
1217 967 1237
967 1217 1237
1237 967 1217
279 383 384
383 279 384
384 279 383
691 707 1313
707 691 1313
1313 691 707
597 537 1007
1007 537 597
537 597 1007
1133 633 1386
633 1133 1386
1386 633 1133
1264 1030 1059
1030 1059 1264
1059 1030 1264
1157 42 401
401 42 1157
42 401 1157
206 1117 1208
1117 206 1208
1208 206 1117
181 1071 1335
1335 181 1071
1071 181 1335
576 22 812
22 576 812
812 22 576
1294 117 777
117 777 1294
777 117 1294
358 273 1080
273 358 1080
1080 273 358
258 158 1367
1367 158 258
158 258 1367
787 741 1251
741 787 1251
1251 741 787
1394 106 184
184 106 1394
106 184 1394
985 1338 1401
1401 985 1338
1338 985 1401
1193 253 1134
253 1134 1193
1134 253 1193
896 1100 1437
1437 896 1100
1100 896 1437
726 1017 1282
1282 726 1017
1017 726 1282
946 197 1091
1091 197 946
197 946 1091
1062 196 749
196 749 1062
749 196 1062
230 518 563
518 230 563
563 230 518
28 14 134
134 14 28
14 28 134
40 4 711
711 4 40
4 40 711
1477 233 494
494 233 1477
233 494 1477
330 840 960
960 330 840
840 330 960
562 110 1358
110 562 1358
1358 110 562
100 175 738
175 100 738
738 100 175
1440 472 879
879 472 1440
472 879 1440
291 351 638
351 291 638
638 291 351
868 565 1119
1119 565 868
565 868 1119
1270 524 1047
524 1047 1270
1047 524 1270
1239 43 941
43 941 1239
941 43 1239
542 1171 1321
1321 542 1171
1171 542 1321
1246 329 490
490 329 1246
329 490 1246
1322 48 1003
48 1003 1322
1003 48 1322
355 422 1055
422 355 1055
1055 355 422
1383 348 1461
1461 348 1383
348 1383 1461
901 624 895
895 624 901
624 895 901
1212 1309 1352
1309 1212 1352
1352 1212 1309
715 195 457
457 195 715
195 457 715
1334 786 1286
786 1286 1334
1286 786 1334
1225 285 376
285 376 1225
376 285 1225
902 1082 1124
1124 902 1082
1082 902 1124
122 609 1172
1172 122 609
609 122 1172
297 1170 1337
1337 297 1170
1170 297 1337
394 417 1221
417 394 1221
1221 394 417
559 1266 1449
1266 559 1449
1449 559 1266
706 212 479
479 212 706
212 479 706
1184 189 1021
189 1021 1184
1021 189 1184
513 125 1265
1265 125 513
125 513 1265
140 315 1064
1064 140 315
315 140 1064
397 268 517
517 268 397
268 397 517
1306 888 1276
888 1276 1306
1276 888 1306
794 670 735
735 670 794
670 735 794
363 169 1142
1142 169 363
169 363 1142
712 421 1187
421 712 1187
1187 421 712
982 93 930
930 93 982
93 930 982
1470 885 1457
885 1457 1470
1457 885 1470
1363 925 1248
1248 925 1363
925 1248 1363
209 1018 1188
1018 209 1188
1188 209 1018
1141 719 1385
719 1141 1385
1385 719 1141
1356 1146 1153
1153 1146 1356
1146 1153 1356
483 2 249
2 249 483
249 2 483
842 150 877
877 150 842
150 842 877
1379 555 909
909 555 1379
555 909 1379
656 768 1072
768 656 1072
1072 656 768
757 91 520
91 520 757
520 91 757
270 503 1366
1366 270 503
503 270 1366
331 504 970
970 331 504
504 331 970
465 247 1173
247 465 1173
1173 247 465
74 785 1118
1118 74 785
785 74 1118
1354 974 1283
1283 974 1354
974 1283 1354
804 199 647
647 199 804
199 647 804
75 272 530
530 75 272
272 75 530
380 1399 1412
1412 380 1399
1399 380 1412
1056 1243 1393
1393 1056 1243
1243 1056 1393
792 35 979
979 35 792
35 792 979
1453 575 844
575 844 1453
844 575 1453
1125 1084 1223
1084 1125 1223
1223 1084 1125
880 919 1039
919 880 1039
1039 880 919
821 981 1126
981 821 1126
1126 821 981
70 491 1490
491 70 1490
1490 70 491
374 271 1380
271 374 1380
1380 271 374
1132 965 1099
965 1099 1132
1099 965 1132
168 216 242
216 168 242
242 168 216
328 696 796
796 328 696
696 328 796
686 547 763
547 686 763
763 547 686
191 631 1484
1484 191 631
631 191 1484
853 855 962
855 853 962
962 853 855
317 522 1371
522 317 1371
1371 317 522
1151 752 1361
1361 752 1151
752 1151 1361
1180 560 1375
1375 560 1180
560 1180 1375
416 595 1443
1443 416 595
595 416 1443
1410 267 648
267 648 1410
648 267 1410
569 639 1181
639 569 1181
1181 569 639
395 63 129
129 63 395
63 129 395
1333 850 1096
1096 850 1333
850 1096 1333
692 15 875
15 692 875
875 15 692
673 452 1050
1050 452 673
452 673 1050
98 146 1174
1174 98 146
146 98 1174
682 1 1143
1143 1 682
1 682 1143
839 373 854
373 839 854
854 373 839
751 826 1395
826 751 1395
1395 751 826
430 991 1006
991 430 1006
1006 430 991
223 781 856
781 223 856
856 223 781
680 346 473
346 473 680
473 346 680
681 498 968
968 498 681
498 681 968
887 256 548
256 548 887
548 256 887
320 482 827
827 320 482
482 320 827
97 761 849
761 97 849
849 97 761
431 997 1024
1024 431 997
997 431 1024
1409 55 1293
1293 55 1409
55 1293 1409
918 52 870
870 52 918
52 870 918
1411 1144 1489
1144 1411 1489
1489 1144 1411
294 906 1145
1145 294 906
906 294 1145
1463 192 1206
1206 192 1463
192 1206 1463
1038 552 843
552 843 1038
843 552 1038
593 41 1349
41 593 1349
1349 41 593
1074 1113 1288
1288 1074 1113
1113 1074 1288
379 666 1213
1213 379 666
666 379 1213
607 1137 1177
1177 607 1137
1137 607 1177
1357 737 1254
1254 737 1357
737 1254 1357
612 1027 1295
1295 612 1027
1027 612 1295
1308 245 283
283 245 1308
245 283 1308
772 586 611
611 586 772
586 611 772
613 86 201
86 201 613
201 86 613
1342 733 1475
1475 733 1342
733 1342 1475
186 177 1426
1426 177 186
177 186 1426
869 754 1257
754 869 1257
1257 754 869
778 604 1281
604 778 1281
1281 604 778
1341 368 423
368 423 1341
423 368 1341
1413 238 1273
1273 238 1413
238 1273 1413
1242 760 1224
1224 760 1242
760 1224 1242
1130 464 1044
464 1044 1130
1044 464 1130
541 61 601
601 61 541
61 541 601
343 23 454
23 343 454
454 23 343
947 764 1325
1325 764 947
764 947 1325
532 366 914
366 532 914
914 366 532
1087 413 1323
1323 413 1087
413 1087 1323
825 16 1122
1122 16 825
16 825 1122
87 17 162
17 87 162
162 17 87
1083 874 1178
1178 874 1083
874 1083 1178
1320 335 1473
1473 335 1320
335 1320 1473
993 558 1271
1271 558 993
558 993 1271
425 305 847
847 305 425
305 425 847
194 543 1317
1317 194 543
543 194 1317
759 626 1423
626 759 1423
1423 626 759
406 118 1001
1001 118 406
118 406 1001
88 803 1376
1376 88 803
803 88 1376
1245 460 649
460 649 1245
649 460 1245
229 816 1114
816 229 1114
1114 229 816
753 263 290
263 290 753
290 263 753
382 218 1326
218 382 1326
1326 218 382
124 103 217
217 103 124
103 124 217
234 193 1048
1048 193 234
193 234 1048
717 1085 1229
1085 717 1229
1229 717 1085
802 411 620
411 620 802
620 411 802
357 496 606
606 357 496
496 357 606
693 556 725
725 556 693
556 693 725
684 356 1222
1222 356 684
356 684 1222
85 610 1292
610 85 1292
1292 85 610
1418 770 1305
770 1305 1418
1305 770 1418
1256 298 1092
1092 298 1256
298 1092 1256
243 225 1405
225 243 1405
1405 225 243
650 851 1183
1183 650 851
851 650 1183
1258 144 774
144 774 1258
774 144 1258
67 288 1424
1424 67 288
288 67 1424
362 1168 1495
1495 362 1168
1168 362 1495
685 467 747
467 685 747
747 467 685
1236 831 955
831 955 1236
955 831 1236
170 80 407
80 170 407
407 80 170
640 1247 1425
1425 640 1247
1247 640 1425
476 419 865
419 476 865
865 419 476
164 852 1297
1297 164 852
852 164 1297
798 289 1108
1108 289 798
289 798 1108
1433 65 439
439 65 1433
65 439 1433
1439 1448 1482
1482 1439 1448
1448 1439 1482
782 492 1165
492 782 1165
1165 492 782
1391 280 1234
280 1234 1391
1234 280 1391
1263 1120 1329
1120 1263 1329
1329 1120 1263
307 651 1472
651 307 1472
1472 307 651
533 574 898
574 533 898
898 533 574
1088 126 1103
1103 126 1088
126 1088 1103
996 512 1112
1112 512 996
512 996 1112
29 7 959
959 7 29
7 29 959
992 807 1045
1045 807 992
807 992 1045
1235 890 1302
1302 890 1235
890 1235 1302
945 1207 1422
1207 945 1422
1422 945 1207
948 1169 1176
1169 948 1176
1176 948 1169
921 495 508
495 508 921
508 495 921
1421 675 791
675 791 1421
791 675 1421
365 130 182
182 130 365
130 182 365
750 405 1406
1406 405 750
405 750 1406
1360 5 1304
5 1304 1360
1304 5 1360
142 568 616
616 142 568
568 142 616
814 325 389
389 325 814
325 389 814
76 293 872
293 76 872
872 76 293
1053 531 1500
1500 531 1053
531 1053 1500
824 881 1388
1388 824 881
881 824 1388
969 998 1098
1098 969 998
998 969 1098
174 603 1398
1398 174 603
603 174 1398
659 1049 1240
1049 659 1240
1240 659 1049
1077 136 367
367 136 1077
136 367 1077
641 173 815
815 173 641
173 641 815
934 499 862
499 862 934
862 499 934
731 587 926
926 587 731
587 731 926
54 939 1355
1355 54 939
939 54 1355
204 1042 1060
1060 204 1042
1042 204 1060
1167 101 207
207 101 1167
101 207 1167
153 418 668
668 153 418
418 153 668
296 470 834
470 296 834
834 296 470
1023 838 1076
838 1023 1076
1076 838 1023
580 152 1311
152 580 1311
1311 152 580
846 66 1384
1384 66 846
66 846 1384
1029 26 303
26 303 1029
303 26 1029
426 261 908
908 261 426
261 426 908
241 165 1314
1314 165 241
165 241 1314
989 111 349
111 349 989
349 111 989
1455 104 1164
104 1164 1455
1164 104 1455
1161 444 615
615 444 1161
444 615 1161
370 392 894
894 370 392
392 370 894
915 573 1466
1466 573 915
573 915 1466
231 121 1159
121 231 1159
1159 121 231
1407 657 1185
1185 657 1407
657 1185 1407
943 628 789
789 628 943
628 789 943
1404 1392 1436
1436 1392 1404
1392 1404 1436
1284 113 1289
1289 113 1284
113 1284 1289
102 474 654
474 102 654
654 102 474
600 338 528
528 338 600
338 528 600
797 571 1068
1068 571 797
571 797 1068
281 139 835
139 281 835
835 139 281
795 832 1267
1267 795 832
832 795 1267
627 455 829
455 627 829
829 455 627
109 678 1019
1019 109 678
678 109 1019
440 73 904
73 440 904
904 73 440
235 222 577
577 222 235
222 235 577
1327 311 1456
311 1327 1456
1456 311 1327
1348 810 952
810 952 1348
952 810 1348
1315 1467 1481
1481 1315 1467
1467 1315 1481
920 463 549
463 549 920
549 463 920
1346 833 1192
833 1192 1346
1192 833 1346
39 545 1402
545 39 1402
1402 39 545
1310 459 1416
459 1310 1416
1416 459 1310
1435 336 1094
336 1094 1435
1094 336 1435
1104 694 1233
694 1104 1233
1233 694 1104
399 190 443
190 399 443
443 190 399
1429 1035 1487
1487 1035 1429
1035 1429 1487
257 755 1069
1069 257 755
755 257 1069
480 79 718
79 480 718
718 79 480
278 1097 1381
1097 278 1381
1381 278 1097
1116 300 387
300 387 1116
387 300 1116
1115 765 1205
765 1115 1205
1205 765 1115
1156 13 704
13 704 1156
704 13 1156
236 837 1332
1332 236 837
837 236 1332
96 166 1452
1452 96 166
166 96 1452
589 775 861
775 589 861
861 589 775
1465 732 1336
732 1336 1465
1336 732 1465
151 299 1037
299 151 1037
1037 151 299
506 319 1013
319 506 1013
1013 319 506
1458 276 635
635 276 1458
276 635 1458
8 364 1369
364 8 1369
1369 8 364
663 771 780
771 663 780
780 663 771
284 468 1494
468 284 1494
1494 284 468
1066 501 1279
501 1066 1279
1279 501 1066
972 709 1160
709 972 1160
1160 709 972
344 776 1070
1070 344 776
776 344 1070
1427 429 1228
429 1228 1427
1228 429 1427
553 265 630
630 265 553
265 553 630
1163 378 1400
1400 378 1163
378 1163 1400
1033 116 762
116 762 1033
762 116 1033
1299 462 937
462 937 1299
937 462 1299
646 160 410
160 410 646
410 160 646
897 1095 1374
1374 897 1095
1095 897 1374
534 255 1148
255 534 1148
1148 255 534
187 172 420
172 187 420
420 172 187
523 198 592
198 523 592
592 198 523
176 69 333
69 176 333
333 69 176
1241 84 1231
1231 84 1241
84 1231 1241
566 629 891
629 566 891
891 566 629
539 6 438
6 438 539
438 6 539
334 581 866
866 334 581
581 334 866
108 451 801
801 108 451
451 108 801
679 412 653
653 412 679
412 653 679
1031 445 1296
1296 445 1031
445 1031 1296
623 408 940
940 408 623
408 623 940
871 327 858
858 327 871
327 858 871
724 983 1353
983 724 1353
1353 724 983
1447 58 266
266 58 1447
58 266 1447
260 219 1441
1441 219 260
219 260 1441
1034 929 958
958 929 1034
929 958 1034
743 510 632
510 632 743
632 510 743
525 274 980
980 274 525
274 525 980
674 1149 1339
1339 674 1149
1149 674 1339
167 634 1022
1022 167 634
634 167 1022
1451 3 1464
3 1451 1464
1464 3 1451
1268 409 1052
409 1052 1268
1052 409 1268
1377 178 1287
178 1287 1377
1287 178 1377
1390 618 734
618 734 1390
734 618 1390
105 805 927
805 105 927
927 105 805
183 360 951
360 183 951
951 183 360
179 45 50
45 50 179
50 45 179
53 689 984
689 53 984
984 53 689
447 999 1199
1199 447 999
999 447 1199
1259 845 1166
1166 845 1259
845 1166 1259
1471 59 436
436 59 1471
59 436 1471
784 910 1408
1408 784 910
910 784 1408
424 729 1301
729 424 1301
1301 424 729
20 1073 1162
1162 20 1073
1073 20 1162
1462 703 1110
1110 703 1462
703 1110 1462
933 1274 1498
1498 933 1274
1274 933 1498
1005 352 819
819 352 1005
352 819 1005
1365 60 375
375 60 1365
60 375 1365
550 89 619
89 550 619
619 89 550
1032 493 971
493 971 1032
971 493 1032
1330 889 1186
1186 889 1330
889 1186 1330
1004 427 1253
1253 427 1004
427 1004 1253
536 25 68
25 68 536
68 25 536
1419 21 32
21 32 1419
32 21 1419
598 180 799
180 598 799
799 180 598
252 836 1036
836 252 1036
1036 252 836
1219 200 950
200 950 1219
950 200 1219
1067 642 702
642 702 1067
702 642 1067
1215 159 1434
159 1215 1434
1434 159 1215
1121 1015 1197
1197 1015 1121
1015 1121 1197
24 202 486
486 24 202
202 24 486
721 1312 1428
1428 721 1312
1312 721 1428
903 250 572
250 572 903
572 250 903
1483 228 546
546 228 1483
228 546 1483
185 326 687
326 185 687
687 185 326
147 916 1414
916 147 1414
1414 147 916
658 312 446
446 312 658
312 446 658
756 214 1486
214 756 1486
1486 214 756
954 30 248
248 30 954
30 248 954
1211 773 1260
773 1211 1260
1260 773 1211
1316 1370 1492
1370 1316 1492
1492 1316 1370
590 453 1226
453 590 1226
1226 453 590
526 867 990
990 526 867
867 526 990
860 369 1127
369 860 1127
1127 369 860
698 519 622
622 519 698
519 622 698
1214 1324 1432
1324 1214 1432
1432 1214 1324
1420 636 1278
1278 636 1420
636 1278 1420
535 1061 1102
1102 535 1061
1061 535 1102
1196 310 882
310 882 1196
882 310 1196
1025 475 1058
475 1025 1058
1058 475 1025
12 114 332
332 12 114
114 12 332
18 1086 1350
1086 18 1350
1350 18 1086
448 527 966
527 448 966
966 448 527
1362 986 1364
1364 986 1362
986 1362 1364
433 254 664
254 433 664
664 254 433
963 398 1081
1081 398 963
398 963 1081
489 676 1238
1238 489 676
676 489 1238
1382 1351 1372
1372 1351 1382
1351 1372 1382
806 33 1261
1261 33 806
33 806 1261
713 487 893
893 487 713
487 713 893
44 163 1195
163 44 1195
1195 44 163
497 599 1129
599 497 1129
1129 497 599
309 730 886
886 309 730
730 309 886
690 295 458
458 295 690
295 458 690
