242 12 216
216 12 242
12 216 242
92 4 9
4 9 92
9 4 92
145 18 204
204 18 145
18 145 204
35 263 294
263 35 294
294 35 263
135 241 273
241 135 273
273 135 241
10 28 121
121 10 28
28 10 121
55 235 269
269 55 235
235 55 269
134 220 237
237 134 220
220 134 237
226 116 299
116 226 299
299 116 226
179 38 225
38 179 225
225 38 179
98 64 193
64 98 193
193 64 98
209 7 13
7 13 209
13 7 209
248 210 236
210 236 248
236 210 248
198 36 106
106 36 198
36 106 198
102 72 252
252 72 102
72 102 252
109 46 261
46 109 261
261 46 109
37 89 123
89 37 123
123 37 89
276 200 239
200 239 276
239 200 276
164 143 229
229 143 164
143 164 229
213 113 169
169 113 213
113 169 213
132 233 240
233 132 240
240 132 233
58 71 196
71 58 196
196 58 71
275 41 187
41 187 275
187 41 275
221 266 292
266 221 292
292 221 266
60 49 259
49 60 259
259 49 60
67 147 191
147 67 191
191 67 147
175 85 125
85 125 175
125 85 175
267 68 271
68 267 271
271 68 267
270 100 197
197 100 270
100 197 270
115 29 274
274 29 115
29 115 274
212 129 151
151 129 212
129 151 212
40 172 289
289 40 172
172 40 289
14 114 146
146 14 114
114 14 146
57 80 176
176 57 80
80 57 176
73 149 298
298 73 149
149 73 298
296 5 62
62 5 296
5 62 296
119 117 293
293 117 119
117 119 293
162 42 202
42 162 202
202 42 162
167 185 245
185 167 245
245 167 185
139 223 243
243 139 223
223 139 243
79 11 34
34 11 79
11 34 79
285 94 188
94 188 285
188 94 285
256 1 262
262 1 256
1 256 262
84 189 224
224 84 189
189 84 224
288 75 136
75 136 288
136 75 288
268 284 295
284 268 295
295 268 284
69 82 264
264 69 82
82 69 264
126 16 107
16 107 126
107 16 126
272 244 290
244 272 290
290 244 272
260 111 253
111 253 260
253 111 260
21 95 184
95 21 184
184 21 95
203 215 279
279 203 215
215 203 279
17 101 286
286 17 101
101 17 286
53 56 205
56 53 205
205 53 56
77 138 153
138 77 153
153 77 138
8 15 181
15 8 181
181 8 15
214 159 211
211 159 214
159 211 214
103 25 166
166 25 103
25 103 166
217 280 297
297 217 280
280 217 297
230 91 130
130 91 230
91 130 230
201 105 246
246 105 201
105 201 246
97 66 168
66 97 168
168 66 97
141 20 148
20 141 148
148 20 141
186 90 206
206 90 186
90 186 206
158 26 258
258 26 158
26 158 258
177 33 287
33 177 287
287 33 177
178 232 291
291 178 232
232 178 291
47 190 218
190 47 218
218 47 190
255 63 112
112 63 255
63 112 255
127 32 88
88 32 127
32 88 127
86 99 157
157 86 99
99 86 157
144 140 165
165 140 144
140 144 165
170 207 300
300 170 207
207 170 300
6 171 257
257 6 171
171 6 257
131 227 250
227 131 250
250 131 227
65 128 183
128 65 183
183 65 128
24 110 231
110 24 231
231 24 110
122 76 247
247 76 122
76 122 247
120 93 156
156 93 120
93 120 156
3 173 208
173 3 208
208 3 173
180 74 283
283 74 180
74 180 283
238 249 278
249 238 278
278 238 249
70 39 150
150 39 70
39 70 150
124 48 108
48 108 124
108 48 124
27 87 154
154 27 87
87 27 154
43 51 160
160 43 51
51 43 160
152 44 251
251 44 152
44 152 251
59 182 277
182 59 277
277 59 182
78 142 228
228 78 142
142 78 228
54 118 137
137 54 118
118 54 137
22 81 222
222 22 81
81 22 222
281 45 104
104 45 281
45 104 281
61 2 265
265 2 61
2 61 265
23 30 133
30 23 133
133 23 30
282 31 254
254 31 282
31 254 282
50 194 199
194 50 199
199 50 194
192 163 195
195 163 192
163 192 195
96 155 161
155 96 161
161 96 155
19 52 83
52 19 83
83 19 52
219 174 234
234 174 219
174 219 234
