100 100
 54  58   2  13  38   8  41  44  52  61  70  81  45  40   9  67  59  33  26  15  23  68  19  35  18   7  59  49  67  83  83  71  33  28  81  53  34  58  13  32  81  71  71  89   3  55  20  15  54  60  49   4  66  28  52  62  27  84  23  79  35  28  83  84  71  72  28  47  45  12  76  70   1  53  38  79  28  66  47  37  20  75  39  32  10  64  53  62   5  25  33  53  22   7  79  12  40  36  47  36 
 76  19  64  58  65  67  74  83  44  81  83  32  16  48  38  74  29  71  37  15  83  64  39   3  57  73  17  54  78  19  44  80  69  43  29   9  33  27  76  80  19  65  33  38  40  56  99  77  89   9   6  68  65  73  19  69  22  61  54  61  76  86  53  42  76  63  20  17  14  10  71  10  47  23  42  57  60  56  15  17  68  29  54  72  74  57  58  31  55  28  69  17  61   1  72  73  71  27  50  72 
 31  59  18  39  75  54  66  34  63  28  51  21  12   6  41  36  80  66  13  18  30  60  47  17  52  14  20  73  46   8  66  70   7  41  34  37  33  50  60  62   1  32  22  14  56 100  80  85  77  80  35  49  40   6  82  56  70   7  60  55  52  19  80  27  60  21  55  64  91  41  29  56  36  17  69  39  19  19  21  64  59  55  91  57  72  72  20  65  29  47  54  38  13  43  66  77  50  78  50  13 
 34  34  23  52   1  18  77  59  59  52  43  34  32  45  51  71  11  68  61   7  82  36  70  60  79  60  81  40  39  26  51  80  59  49   7  49   7  50   9  26   4  16  53  62  69  48  70  35  16  70  48  66  64  37  56  18  56  43  73  44  22  90  38  61  21  49  62  26  75  79  18  64  36  53  37  18   3  64  21  86  15  83  44  18  66  45  68  42  44  15  51  39  58   8   1  17  19  22  15  71 
 37  36   1   1  58  18  27  53  71  19  76  76  55  78  57  15  59  39  80  78   3  73  42  73  27  80  77  14  48  55  36  68  27  35  43  24  81   5  83  52  66  35  62  57  12  50  33  57  78  43  10  79  25  48   6  53  35  77  37  73  81  90  40  48  77  74  95  50  73  77  21  28   7  55  32  45  16  93  39  72  24  43  61  49  19  34  58  27  27  72  39  53  81  27  35  35  50   2  68  83 
 18  27  17  10   6  55  49  21  16  11  76  42  37  72  43   6   8  57  46  20  82  61  46  60  76  95  75  25  89  67  60   2   3  40   8  51  41  34  34  55  77  26  77  14   7  60  15  50  53  66  52  11  22  12  48  72   4  51  41  72  57  49  87  97  70  72  61  59  27  37  11  34  30  35   3  21  47  34  46  59  77  36  49  56  68  51  57  17  74  72  43  58  20   6  80  31  40  21  12  58 
 33   2   9  46  60  24  32   4  63  16   1  64  68  40  78  25  29  47  65  20  58  76  84  96  23  56 100  30  68  34  57  69  67  39  18   1  47  31  33  17  31  50  28  58  71  30  83  79  76  25  63  46  50  42   1  22  37  55  16  79  24  40  25  72  69  65  46 100  37  53  76  10  18  60   0  54  23  43 100 100  66  40  79  35  77  26  23  64  80  18  62  80  53  20  66  39  50  62  59   2 
 52  47  57  53  47  17  31  74  65  17  82  59  64  12  29  17  23  72  15  61  60  75  96  17  46  99  74  42  26  82  99  20  69   8   3  33  71  12  64   8  77  56  67  40  25  76  52   2  31  11  10  11  14  59  35  59  62  66  49  77  82  76  67  34  25 100  70  44  24  74  26  80  13   2  71  27  54  74  34  22  51  47  83  50  60  57  34  23  12  77  73  51  20  30  72  17  13  57  44  76 
 21  61   5  65  50  63  38  42  42  57  24  68  40  40  35  36  53  27  68  78  88  27  67  14  67  61  35  81  93  23  39  30  47  90  53  82  13  45  75  80  83  64 100 100  50  65  42  67  76  56  35  54  54  66  11  51  48   5  53  43  53   6  70  60  11  33  58  19  86  68  73  18  48  48  63  47  44  42  62  76  80   7  53   4  30  36  53  78   7  48  17  66  28  30   9   6  79  80  39  28 
 14   5   1  32  33   1  81   4  38  34  54  58  18  26  58  70  66   8  11  29  31  26  66  79  14  36  68  46   5  43  59  47  68  37  52  69  35  28  62  68  87  37  33  57  61  27  83  48  40  50  67  56  76  32  27  82  83  63  67  51  72  57   2  52  10  10  15  59  19  64  14   9  63  55  78  10  12  15  46  27  61  63  67  81  29  46  18  32  15  74  28  32  10  79  41  49  71  58  52  24 
 65  13  29  71   8  81   6  98  50  62  61  31  15  18  10  62   5  87  91  87  27  43  37  67  77  35  36  81  24  22  93  49  78  51  38   6  45  61  74  66  44  10  64  46  31  36  72  60  20  10  71  17  80  14  35   3  28  70  77  76  83  69  45   2  74   6  64  47  56  18  85  81  68  25  53  46  53   9  70  61   9  25  44  71  33  64  51  36  24  81  28  39  55  75  56  59  82  16  67  28 
 15  69  67  23  25  21  31  42  78  66  43  18  23  52  21  62  16  92  86  83  51  93  88  43  61  59  68  22  76  68 100  70 100  83  18  39  63  45  43  60  31  65  12   6   6   8   5  75  16  56  15  91  40  48  66  28  12  63  59  24  32  82  11  29  17   2  74  16  87  44  19  23  17  49  22  17  27  32  40  30  26  34  62   1  40   8  47  43  15  56  41  42  88  96  27  91  59  85  81  88 
 35  25  81  73  83  64  13  37  73  64  11  61  28  42  16  38  64  19  70  64  92  51  81  57  13  60  67  24  60  65 100  59  79  69  47  54  12  54  72  80  38  60  47  26  17  27  36  81  52  33  30  42  20  12  83  35  85  23  61   4  53  57  44  41  81  41  71  30  65  54  92  53 100  35  25  65  25  11   9  71  25  36   5  30  60   2   7  29  35  60  81  97  50  22  55  98  80  48  71  72 
  5  39  36  34  30  81  60  63  59  25  80  68  26  50  54  38  56  35  69  51  82  56  90  73   0  55   6  18  62  78  17  44  97  52  57  84  28  38  66  57  57  12  20  91  74  59  26  81  21 100  82 100  69  60  35  58  40  20  34  46  78  95  71  22  20  77  45  20  48  18  69  33  37 100  54  74  76  19  24  57  34  74  29  52   1   6   7  39  24  46  96  27  95  81  60  78 100  62  77  71 
 53  43   8  50  18  81  30  12  72  16  60   6  43  32 100  34  83  81  52  87  89  56  77  66  13  38  38  55  64  24  17  25  28  83  23  52  50  64  24  51  92  35  44  21  63  65  47  22  49  62  79  99  59 100  66  80  44  71  57  81 100  50  41  37  90  59   5  59  54  21  91  69  92  99  87  73  35  52  78  78  52  44   9  81  70  40  68  75  40  42  36  78  97  19  21 100  92  86  41  92 
  8  33  55  73  66  28  26  67  56  44  29  22  34  58  87  26  27  26  40  57  59   5  70  44  18  79  73  36  81  51  13  47  21  75  56  26  23  71  59 100 100  96  81  48  28  41  63  24  33  58  20  33  50 100  55 100  48  76  60  90  30  22  19  74   3  17  74  24  66  84  28  93  84  71  77  49  27   1  83  62  71  55   6  38   9  77  42  72  49  25  79  14  39  76  86  74  90  66  49  34 
 68  63  80   3  65  65   1  42  34   4  88  39  32  27  92 100  34  81  42   2  20  60  36  64  75   4  21   3  64  67  81  50  65   2  32  41  96  27  58  87  95  31  29  70  22  84  81  32  92  83  13  16  85  48  68  50  61  49  38  65  50  67  56  51  12  80  19  25  74  70  94  78  68  67  65  72  59  44  42  62   3  20   2  48  28  47  65  72  70  81  30  29  91  13  27  35  77 100  39  53 
 74  41  66  58  41  82  66  14  15  63  52  41  94  81 100  83  92  24  43  52  10  81  47  43  28  22  23  29   1  52  37  75  59  15  49  26  28  24  18  68  70  23  20  19  23   6  70  48  37  30  39  12  94  95  29  33  95  30  13  47  82  73  77  60  83  25  20  71  83  26  57  56  50  47  20  80  79  73  80  41  36   2  54  12  11  37  44  51  49   0  49   4  83  86  74  93  93  77  47  43 
 33  46  66  74  58  18  21  27   6  21  46  44  92  65  94 100  80  61  73  34  87  82  26  76  27  49  71   4  53  67   5  46  28  29   5   8  82  19  31  13  24  44  80  23   3  71   1  14  43  43  53  38  44  82  48  29  15  64  85  52   7   5  36  37  52  79  66  94  54  94  67  29  75  53  50  71  26  27  32  13  17  86  19  45  25  29   2   8  40  70   8  28  36  52  42  80  83  98  46  74 
 78  79  28  55  48  45  59  31  66  59  83  92  64  45  49  71  45  55  60  48  95  50  95  35  39  29  78  26  81  55  16  69   2  69  30  10  59  45  51  23  47  68  78   2  61  83  49  69  92  81  68  53  50  74  80  73  67   9   8   2  52  76  51  81  18  49  65  98  33  37  89  32   7  37  62  15   1  42  44  36  73  67  70  11  45  66  71   3  29  12  51  72  56  78  71   4  44  47  36  65 
 43  52  73  37  66  37  23  62  16  83  98  66 100  48 100  94  47  45  89  34  54  24  91  99  83  80  24  10  77  18  43   0  31  33  71  39  28  70  15  11  63  79  53  23  47  42  65  48  61  21   7  47  83  62  22   9  28  19  44   9  57  57   8  51  20  82  40 100  48  53  93  28  55  36  77  18   5  70  40  87  86  45  20  69  39  21  54  60  59  85  65  82  71  69  17  14  40  22  34  65 
  4   6  51  54  83  43  33  68  86  93  47  75  96  62  67  81  30  86  67  57  31  49  86  80  33  53  10  43   6  30  13  10  59  33  48  18  50  54  33  91  63  86   1  31  16  74  60 100  64  27  68  59   4  33  70  61  32  62   3  30  53  15  39  61  41  64  39  61  95  76  83  29   8  52  67  59  36  12  70  43  90  92  36  65  61  14  74  61  36  98  60  22  94  68  86  45  46  58  68  65 
 69  33  72  89  80  64  17  95  85  36  43  89  45  45  26  21  21  14  66  54  41  65  73  74  46  75  27  34  38  74  20  64  50  46   8  46 100  87  83 100  35  64  22  78  62  21  20  94  79  76  19  73  12  54  33  65  24  43  54  77  61  57  52  20  11  86  41  31  85  93  21  16  38   4  17  16  54  14  85  71  69  91  51  33  34  66  34  38 100  75  23  82  67  66  68  55  83  36  84  96 
 11   8  76  57  68  57  81  35  24  47  69  84  60  57  96  49  78  32  65  59  49  82  21  20  52  35   5   0  74  83  48  10  12  64  83  47 100  53  85 100 100  48  89  46   3  70  59  40  40  43   9  26  57  17  28  14  28   7  50  95  60  89  63  35  42  87  54  31  64  22  40  58  63  15  84  29  25   4  33  80  19  31  71  69  32  62  49  56 100  99  45  64  63  48  21  50  67  72  83  74 
 50  76  32  94  38  83  40  24  43  76  44  47  73  41  37  82  28  61  55   1  56   7  35  57  34  12  54  81  73  59  72  33  28  14  22  87 100 100  57  79 100  98  74  53   1  39  29  39  61  39  55  45   8  32  41   9  21  13  19  71  83 100  20  24  52   5  84  82  47  27  40  36  33  27  31   9  57  15  35  59  45  48  28  49  61  18  60  70 100 100 100  29  32  76  10  55  38  27   9  45 
 60  50  30  32  88 100  95  24  70  23  86   4  70  58  65  11  39  19   0  44  22  74  84  34  47  53   8   8  76  65  72  45  52  68  68  84  79 100  61  84  81  32   8  72   3  30  37  80  53  58  86  17  66  40  57  78  66  83  52  68  79  66  85  82  81  42  18  68   3  63  53   1  14  28  34   8  67  26  79  80  27   6  15  87  82  26  60  74  35  58  88  84  47  41  73  76   4  72  82  71 
 42  83  56  26  87  78  72  63  66  61  22   7  37  77  31  68   1   7  47  48  75  72  77  22  33  60  26  70  49  77  17  47  45  70  59  92  73  56  39  76  54  60  48  18  70  36  88 100  74 100 100  97  68  83  31  67  46   3  12  31  17  69   9  59   9  50  40  48  56  21   6  52   6  47   9  88  20  80  67  26  79  30   9  91  38  63  60  32  80  67  67  24  72  61  45  61  74  77  16  34 
 21  79  13  54  79  77 100  74  78  20  73   5  15  72  50  37  77   4  14  30   3  67  18   0  31   9  61  83  78  14  65  59  80  34  68  36  33  91  45  66  93  14  40  73  21  58  96 100  47  49  53  68  71  68  68  48  56   5  36  19  59  42  79  51  41  73  62  24  84  34  34  13  44  83  58  46  49  44  66  11  15  22  14  83  79  99  81  42  48  31  69  62  63  78  78   7  57  38  36  50 
 23  79  59  89  82  79  98  62  38  22  31  21  41  19  34  53  23  84  71  33  37  12  31  56   9   5  33  75  26  49  73  58  78  33  72  80  35  45  65  62  21  50  66  27  81  51  85  73  36  46  23  25  28  34  54  24  47  65  20  21   5  34  85  86  86  27  32 100  66  63  82  14  42  14  70  54  89  68  47  12   5  55  19  43  36  67 100  37  86  28  64  81  83  39   4  27   1  69  22  60 
 69  56  79  74  68  34  96  63  69  62  31  55  20  41  76  41  46  27  18  48  65  70   5  18  62  10  79   2  35  40  24  57   8  24  46  28  74  19  30  63   4  66  40  48  25  55  20  33  85  94  29  93  28  84  20  58  45  43  54  76  40  18  51  60  26 100 100  88  48  39  81   9  74  31 100 100 100  98  82  22  71  58  45  34  90  46  90  38  94  79  26  54  52  81  34  78  22  19  35   3 
 40  59  63  92  29  85  67  29  36  52  79  66  27  21  68  61  67  52  59  38  18  62   4  64  11  53   6  34  57  71   6  23  63  73  73  51  49  82  44  66  32  73  54  65  76  55  11  81  16  33  62  74  55  25  10  57  66  51  30  27  44  65  16  34  48 100  98  59 100  92  42   9  41  45  52  56 100  76  31  46   6  47  60  69  77  90  41  77  49  99 100  72  88  35   5  59   7  71  67  29 
 29  58  77  15  37  12  23  56  96  20  30  43  62  98  84  18  81  29  43   2  22  42   7  26  53  34   1  29  64  18  37  32  62  26  48  72  17  68  78  42  68  71  73  34  75  43   7  65  78  59  59  88   3  52  32  22  14  19  10  81  30  16  87  60  39  49  94  58  31  34  17  69  40  90  57 100  89  46  66  49  51  94  93  73  78  50  68  63  58  32  78  27  64  66  61  52  46   6  80  82 
 60  74  72  28  46  47  55  88  66  71  68  61  43  82  54  38   9  78  45  50  26  76  22  41   1   7  17  76  62  73  58  53  34  74  34  80  19  10  62  40  26  56   2  31  66  82  12  71  74  81  12  55  69  49  48  40  66   7  54  59  29  35  49  88  38  57  34  56  89  39  77  12  29  10  64  58  27  95  62  18  24  98  94  85  35  45  92  86  42  40  95  56  45  32  16   7  53  68  83  52 
 83  91  45  29  16  74  86  46  48  61  94  30  40  48  18  12  45  82  34  44  55  12  63  69  54  41   8  83  78   9  83   7   1  53  30  85  86  95  23  17  78  15  50  16  23  74  62  48  54   0  30  59   9  33  20  33  70  24  46  20  84  23  28  92  90  72  38  47  37  34  71  53  76  43  51  45   4  25  41  70  46  14  20  35  59  66  70  29  26  95  72  68  86  64  26  24  45  34   1  68 
 72  35   8  20  75  19  41  30  29  41  28  54  80  18  10  57   8  34  46  35  43  40  36  75  49  80  18  29  44   6  69  10  11  15  23  47  55  42  83  26  59  13  16  42   3  21  14  65  82  28  17  39  30  60  33  19  65  83  84  68  39  70  65  41  44  42  11  53  16  55  30  36  54  36  18   0  71  47  65   6  25  44  23  15  83  83  41  31  20  82  55  44  25  34  19  31  51  40  49   6 
 31  63  54  82   2  90  71  94  54  94  59  18  56  61  26  60  38   8  58  59  53  70  51  11  36  16  68  27  82  24  92  91  15  55  68  33  81  87  44  25  64  81  88  62  26  80  73   2  13  45  25   1  55  59  32  81  12  40  20  82  22  81  61  44  18  50  55  93  44  82  45  84  73  89  67  42  57  27  81  57  36  37  55   2  63  31  12  88  85  75  25  60   8  31  48  80   6  51   2  54 
  5  54  72  30  45  76  36  65  56  88  15  11  57  18  56  14  26  63  30  30  39  61  57  63  32  91  71  43  10  77  59  37  54  46  59  49  27  20  72  85  95  86   9  14  33  60   8  79  82  82  69   2  60   8  19  18  64   7  82  14  50  45  24  61  83  90  28  95  88  63  86  80  92  71  38  10  78  10  46   8  26  38  23  53  19  63  53  28  41  98  83  30  14  62  52  79  16  63  46   3 
  9  29  43   3  77  69  49  34  65  21  88  79  43  63  81  68  49  35  37  61  87  99  69  36  49  34  94  21  65  58  37  36  46  66  65  34  55  74  82  44  37  84   8  22  61  67  42  30  16  57  53  40  26  31   8  52  10  29  36  44  68  56  57  86  57  85  22  52  34 100  90  37  65  20  83  48  41  21  63  16  74  33  12  70  80  14  55  78  33  41  61  70  15  31  92  67  13  73  70  42 
 24  47   1  82  82  28   7  60  48  39  33  25 100  50  68  34  85  92  70  98  85  63  39  25  86  34  42  90  48  43  22  62  57  40   8  41  27  83  19  63  32  69  11  60  76  33  48  35  42  15  34  67  24  54  72  13  33  18  58  68  66  99  48  79  69  79  41  87  49  99 100  67  33  59  53   2  59  65  29   6  48  46  30  22  32   6  45  59  38  44  80  86  42  87  16  77  14  62  26  41 
 10  29  60  39  73  12  80  73  77  70   8  83  99  26  70  39  54  29  43 100  69  61  92  86  42  71  45  88  89  54  10   4   2  67  49  43  34  29  93  36  46  17  21  44  13  76  40  69  83  89  40  40 100  55  34  70  11  47  44  74  55  95  79  79  78  59  58  59  83  97  67  54  74  79  72  79  23   6   7  38  17  84  73  67  32  74  48  47  60  62  42  37 100  34  39  69  82  15  41  19 
 26  12  50  32  29  53   6  42  11  31  72  50  75  48  85  38  23  26  93  77  52 100  76  88 100 100  98  52  64  82  45  52  64  62  19  52  11  94  36  39  50  41  14  62  26  20  33  76  64  27  32  87  31  21  74  50  70  72  27  18  30  61  92  90  32  15  74  44  78  71  43  93  45  57  58  31  76  59  11  45  81  25  11  67  42  21  63  44  55  65  94  57  70 100  97  94  80  28  30  83 
 78  40  82  67  39  48  77  36  41  31  50  39  77  73  81  19   6  26  32  90 100  36  56  16  57  42  80  73  32  67  25  64  14  57  42  47  25  58  86  69  78  31  12  75  78  51  64  79  25  62  72  44  42  46  29  56  65  54  83  71  46  89  75  79  41  21  94  74  88  42  82  69  26  58  58  81   6  71  55  86  87  58  62  52  58  43  21  27  59  72 100 100  42  60  72  13  50  29  71   8 
 52  55  40  38  45  40   2   8  11  66  51  52   5  70   3  31  44  86  34  66  81  30  50  57  93  57  71  82  16  63  26   9  30  62  83  57  83  42 100  29  30  67  47  28  65  62   3  44  89  72  45  90  54  83  54  52  69  38  12  74  19  24  39  74  51  58  69  80  74  74  52  64 100  56  51  25  41   4  39  19  74  81  49  24  10   1  13  10  39  62  38  92  76  36  61  77  55  38  50  43 
  5  49   4  81  35  67  29  64  58  22  61   6  28  74  21  24  46  24  83  41  46  58  83  82  18  12  48  47  89  97  67  42  10  23  36  84  14  69  74  93  76  20  58  10  75  82  16  19  88  32  49  28  91  60  25  12  69  14  34  52  38  32  72  41  45  54  89  69  99 100 100  29 100  86  58  76  10  77  32  43  62  23  60  36  68  10  74  34  87  80  33  46  87  90  16  18  57   9  18  60 
 15  62  56  13  80  76   3  65  81  54  11  64   3  72  15  83  65  94  40  34  41  39  53  71  77  82  65  50  83  34  67   4  30  69  35  20  42  79  49  98  39  46   2   8   3  44  61   4   3  66  74  93  63  18  48  57  23  45  72  93  85  38  23 100  17  70  74  70  90  33  82  88  68  90  41  81  23  55  49  74  57  71  71  14  61  20  17  77  87 100  92  59  21  74  48  26  23  16  67  21 
 27  67  44  19  84  78  29  38  78  56   2  50  34  21  94  83  48  40  78  57   4  18  33  14  27  46  30  55   1  60  65  10  76  44  20  49  80  34  68  71  71  14  84  23  34  72  60  40  39  40   7  10  22  42  68  32  23  72  48 100  38  39 100  35  55  66  38  32  38  63  99  63  59  79  23  37  83  17  71  52  54  25  17  38  66  46  42  22  45  48  75  47  12  63  65  43  71  69  39  85 
 79  49  79   1  45  30  10  55  27   1  29   8  72  64  84  72  87  81  75  35  80  74  71  84  82  11  26  36  66  61  58  78  66  62  66  72  98  48  47  45  90  63  34  73  30  58  32   4  67  41  76  34  29  29  51  23 100  46  49 100  74 100  91 100 100  58 100  79  34  24  82  58  95  53  22  46  10  77  61  31   5  29  84  47  67  31  43  31   7  54  37  59  23   3  53  20  53  23  73  79 
 36  26   2  46  40  59  37  27  39   9   8  15  53  22  12  78  13  55  58  87  52  17  68  33  79  52  19  66  52  82  53  93  67  34  82 100  42  89  63  71  24  83  62  80  53  31  10  14  27  54  21  72  31  50  40  30  89  55  76 100  41  71  48  82  34  77  94  89  44  57  67  85  46  52  65  85  79  91  79  18  32  15   1  72  65  20  87   8  80  79  45  49  56  46  15  37   1  29  42  14 
 13  21   0  68  67   3  80  84  72   5  61  26  33  26  75  39  74  84  46  75  80  31  45  50  68  19  47  61  25  85  95  82  84  96 100  35  22  93  67  49  74  38  51  81  21   1  42  25   0  62  57  14  84  66  92  81  97  68  90  73 100  69  81  38 100  73  85  65 100  67  85 100  54  40  37  51  90  74  11  68  22  51  13  85  79  70  60  38  74  49  65  66  51  69  52   0  38  23   8  55 
 25  68  80   9  14  69   5  23  78  61  43  36  11  36  46  69  53  18  22  69  81  86  41  36   9   7  46  52  62  95  48  23  70  73  27  60  40  85 100  87  99  68  43  90  86  27  53  40  48  23  11  77  79  33 100  81  39  64  42  63  55  61  29  75  88  69 100  45  43 100  46  51  34  85 100  97  36  96  46  31  83  91  69  49  91  73  91  91  94  34  78  54  44  67  76  74   7   4  15  74 
 75  33  19  57  14  43  31  75  23  39  38  30   4  16  22  51  83  84  94  70  88  73  44  27  67  37  37  41  97  63  55  83  97  90  59  93  40  17  33 100  80  79  63  75  15  77  12  38  11  36  66  12  23  77  84 100  58  48 100  48  87 100  24  37  67  47  74 100 100  58  68  70 100  60  49  65 100  25  27  82  32 100  43  69 100  63  59  67  51  24  54   5  60  64  72   8  25  65  74   3 
 25  50  75  67  72  74  34  35  80  84  40  74  81  62  75  54  68  38  30  82 100  52  50  55  57  80  52  24 100  54  52  49  75  40 100 100  26  20  86  55  21  85  32  68  14  40  19  10  52  47  47  46  26  85  90 100  75  44  74  88  83  77  67  62  47  80  73  67 100  34  90  85  51 100 100  89 100  30  57  49  53  55  79  74 100  93  95 100  90  55  50  74  15  46  68  45  61   2  43  62 
 66  13  24  51  79  65  66  96  89  83  76   1  54  12  57  60  41  81  81  86  69  67  25  37  52  62  35 100  80  43  98  66 100  46  63  99  70  51  16  82  90 100  57  97  24  11  18  20   8  74  29  43  95  92  43 100  54  38  73  60  92  75  24  23  29  47 100  27  86  31  37 100  79  56  98  85  44  33  78  71  46  22  51 100  42  97  94  74  30  95  40  83  50  68  58  58  84  54   1  49 
 57   5   8  52 100 100  34  80  93  86   8  34  24  71  12  42  89  39  66  50  31  44  69  68  11  10  41  86  51 100 100  79  86  91  69  56  30  43  16  80  18  36  56  71  93  27  48  78  62  11  85  78  24  28  51  80  35  49  75  34  36  68  44  71  62  80  55  13  13  34  96  91  73  82 100  81  84  85  32  91  80  78  39  38  84  19  44  37  30  37  39  46  20  60  63   2  77  83  81  64 
 26   1  70  98  90  81  81  99  62  90  75  78  24  10  33  20  17  87  72  11  42  20  32  59  20  71  79  86 100  83  70  81  64 100  48  60  28  79  44  72  75  48  49  62  87  92  42  30  15  75  93  31  42  24  64  51  36  75  33  79  59  56  15  28  93  66  36  41  10  22  70  36  86  67  88  36  63  71  58  33  81  72  87  90  79  63  49  54  22  23   7  54  82  42  18   3  56  78  42  24 
 60  80  30 100  45  60  55 100 100  71  15  38  29   2  20  39  45  10  43  40  12  68   4  21   0  65  30  93  42  74  54  50  84 100  62  77  25  29  26  19  10  84  32  53  18  17  15  42   3   8  94  56  52  98  37  49  78  59   1  39  39  54  84  85 100  54  66  63  31  64  65  26  44  61  49  68  84  11  44  78  35  13  16  72  41  23   3  66   6  26  83  62  30  82  24  17  41  63  72  31 
 59  80  49  94  47  90  46  74  44  51  28  80  11  53  20  73   1  23  53  54  37  24   7  71  57  34  23  33 100  65  93  70 100  64  80  51  85  91  17  40  37  80  77  38  78  11  47  28  68  24  61  81  14  31  58  76  45  74  71  62  54  58  44  45  30  26  12  54  62   5  77  44  58  61  77  81  60  14  59   6  24  51  75  65  64  73  62  22  61  65  15   1  63  49  59  44  36  21  25  19 
 45  47  60  22  86  95  98 100  46  35  89  71  34  76  14  53  72  21  75  60   4   7   4  45  74  19  76  71  41  68  37  84  56  94  85  46  59  31  23  67  41  62  47   7   2  46  86 100  79  66  31  67  73  30   3  37  22  69  75   6   8  61  90  53  80  90  10  28  61  34  56  78  67  72  46  23  53  65  25  84  20  79  48  29  65  51  47  75  69  13  34  26   4  11  11  60  38  84  13  43 
 82  13  51  86  80  86  88  92  81  55  89  65   5  72  15  27  12   2  56  67   8  45  21  30  44  46  40  34  28  37  85  40  70  89  69  50  47  48  45  34   7  84  36  72   8  15  60 100  93  83  39  54  85  72  19   1  19  64  20   4  13  33  69  43  24  45  35  37  62  47  37  48  60  72  48  74  41  48  17   8  69  57  21  64  21  45  27  35  25  12  34  42  67  22  61  99  28  65  41  81 
 15  55  82  55  78  41  75  80  31  66  68  20  58  67  32  84  63  38   0  21  76  37  21  31  12  38  82   8  72  90  41  95  85  35  73  67  75  73  51  69   4  83  17  84  90  87  52  81  56 100  61  54  40  26  51  78  50  73   2   1   4  20  33  64  50  43  68  66  76  83  27  65  53  14  60  32  47  33  76  82  78  26  82  44  50  48  21  65  10  61  76   9  43  70  42  24  39  29  55   2 
 84   7  73  75  24  60  34  88  23  34  42  97  59  40  47  77  12  76  53  81  38  43  12  28  11  18  53  56  77  34  85  24  56  16   7  71  37   1   2  15  71   5  59  18  54  38  53  47  65  82 100  89  83  72  75  62  53  34  25  80  31   4  29  77  30  35  80  40  42  35  62  47  62  53  10  59  48  80  18  11  30  49   5  33  74  83  76  60  17  35  69  49  30  58  32  41  89  15  11  13 
 33  32  77  18  69  43  20  55  52  83  93  88  31  71  48   9  76  42  38  14  72  44  65   3  74  74  32   3   7  70  51  49  49  66  27  65  66  77  20  19  52  51  34   2  32  60  79  23  39  80  67  31  78  16  35  15  23  23  55  40   8  51  73  33  19  17  11   7  12  28  53  31  20  71  37   2   0  53  34  63  75  77  30  29  72  56  58  30  75  73  10  46   5  58  71  39   7  82  77  86 
 39  26  83  34   5  74  24  71  97 100 100  74  52  64  81  80  50  43  55  33  80  41   6  28  41  11  34   2  28  30  65  60  18  20  47  59  68  20  52  17  43  22  76  43  87  93  80  87  85  63  54  80  27  28  73  35  79  63  23  83  78  71  25  12  72   9  24  57  32  81  31  29  41  79   2   2  16  48  59  62   5  57  48  14  74  35  51  23  44   9  65  72  22   1  40  38  80  44  75 100 
 80  83  84  70   4  64  35  34  47  65  89  65 100  47  43  66  28  67  58   9  82  14   4  17  54  84  21  35  45   4  67  45  52  48  84  45  79  66   6  65  85  70  11  77  47  48  18  47  17  54  63  64   2   5  37  34   2  63   5  51   9  54  81  86  58  53  86  51   8   8  11  66  37   7  58  74  44  61   7  44  30  16  33  74  66  39  27  75  59  74   6  55  52  36  60  36  26  40  55  68 
 76  61  24  13  47  31  70  88  62  42  96  49  76  59  36  34  46  88  34  26  30  15  24  49  29  30   8  37  39  29  71  72  23  82  58   5  80  59  28  39  77  81  50  49  16  52  42  14  54  56   8  64  10  26  76  65  18  48  52  34  49  33  19  84  66  59  96  27  40  20  68  22   8  43  29  52  37  44  55  82  74  84  58  25  30  87  30  44  58  95  63  20  29  19  65  56  16  31  89  71 
 52  53  75   4  30   5  50  59  36  70  80  44  91  31  82  70  59  26  25  91  69  37  77  71  67  51  77  76   9  69   6  20  82  74  12   0  53  56  31  56  23  67  99  40  46  67  90  22  67  18  79  15  54   7  44  11  65  79  68  36  18  81  48 100  97  37  66  88  50  80  20  16  39  61  68  56  45  47  58  54  77  96  95  70  43  54  71  58  33  46  85  75  32   3  33  34  76  94  31  40 
 70   0  73  16  19  21  27  61  99  59 100  79  69  31  58  33  36  73  93  70  85  29  34  23  31  34  53  40  80  17  23  71  74  49  41  36  74  67  13  32  57  47  72  81  84  85  81  28  79  39  73  39  44  37   7  43  13  75  78  17  60  79  45  89  72  55  88  27   0  17  78  26  36  66  63  81  83  89  55  74  26  96  85  58  23  91  16  79  32  82  11  38  39  84  55   4  36  27  97  23 
 81   6  12  18  72  15  62  53  80  48 100 100  48  77  47  16  63  18  55  94  89  19  50   9  17  20  59   0  39  15  47  65  44  10  80  14  35  12  18  70  64  45  46  83  85  73  77  84   4  40  16  21  24  53  19  18   0  67  68  77  22  75  57  90  53  31  31  69   8  37  23  77  89  96  78 100  64  70  53  88  72  64 100 100  72  47  18  82  29  75  69   9  37  27   8  48  87  84  74  86 
 30  11  58  38  36  41  23   8  11  71  33  89  36  75  51  51  24  58  42  13  66  74  70   0  64  19  75  28  21  67  38  46  21  21  48  42  24  30  37  75  30  62  43  69  40  77  37  72  43  27  57  45  71  74  32  72  44  44  72  80  74  83  54  75  89  55  83  79  22  61  50  30  51   1  84  40  89  21  54  52  89  92  24  30  83  23  53  61  48  15  10   6  19  23  22  66  46  70  83  71 
 44  60  10  51  66  57  25  72  77  65  43  54  55  22  60  70  58  48  74  64  70  20  27  20  73  74  44   6  22  46  47  25  47  66  80  59  24  41  32  41  30  59  65  55  44  85  29  35  75  75   9  41  50  70  82  34  58   5  73  50  73  77  78  64  34  22  22   6  48  63  35  26  77  23  81  81  41  56  46  58  35  27  75  88  52  73  77  52  27  31  37  77  39  14  69  10  13  77  57  21 
  1  79  74  46  81  53  18  53  32   4  38  74  29  15  25  55  32  56  39  69  71  19  50  31  26  67  83  67   2  50  55  50  64  50  35  41  59  25  72  31  19  24  91  82 100  85  67  72  27  16  22  23  43  70  50   5  12  78   9  31  35  72  52  66  72   6  52  49   4   8  37   4  21  46  62  45  26  38  17  80  35  66  85  62  45  40  20  67  53  61  59  73  71  20  59  47  77  86  62  65 
 15   8  53  17  46  54  51  32  43  77  50  62   2  18  84  68  21  43  72   4  34   6  38  66  22  69   2  50  24  27  21  21   3  80  82  47   5  30  76  60  26  52  45  96  97  48  72  18  86  38  24  10  62  46  84   8  54  44  12  67  81  48  57  49  63  59  47  64  75  11  79   1  41  25  20  36  61  66  29  79  49  87  30   9  31  74  82  60  20  72  48  51  44  66  18  42  11  27  19  95 
 40  36  28  22  72   0  16  83  40  34  31  10  45  41  64  78  23  56  48  78  47  75  72  76  73  63  22  63  10  37  39  68  54  10  21  68  13  33  12  22  69  92  48  54  68  88  65  26  65  89  29  18  70  44  12  52  44  19  71  29  74  54   2  46  12  70  59  74  78  23  74  12  50  17  38  79  62  49  13  77  38  39  34  72  28  69  71  37  16  72  24  20  60  61  68  31  18  99  32  73 
 62  76  14  19  64  49  83  47  64  10  81  45  73  65  67  90  51  43  67  52  76  13  30  27  60  25   7  65   6  42  34  50  71  60   9  29  77  80  57  59  64  92  34 100  28  82  99  95  63  47  55  47  55  22  77  57   9  25  83  19  39  78  57  75 100  73  37   9  17  25   2  68  71  28   3  41  31  35  70  65  51  18  77  70  70  67  44  31  44  78  57  71  83  16  34  67  79  57  79  87 
  8  69  50  56  12  57  79  22  41  10  12   2  61  18  94  60  82  65  45  41   2   8  62  64  35  42  37   4  80  24  50  29  20  30  75  70  49  80  31  17  11  46  20  68  69  86  55  68  61  17  78  48  27  57  76  40  27  83  25  39  52  48  80  30   1  14  61  45  44  49  19  71  19  28  41  11  79  32  25  32  75  58  49  64  19  53  32  69  74  16  41 100  74  14  38  55  89  29  40  26 
 55  50  41  62  61  14  39  57  47  44   3  83  15  55  58  23  62  61  30  75   1  62   1  33  57  81  31  27  48  76  43  62  45  76  45  66  30  14  50  19  50  55  70  95  71  84  77  90  36  30   3  53  45  33  79  41  43  23  95  59  58  16  53  55  52  68  76   1  14  83  29  22  55  81   5  19  85  76  40  72   1  23  66  74  68  33  33  37  35  76  12  96  44  61  15   8  36  60  35  41 
 42  20  73  17  13   0  50  38  23  29  10  90  57  87  28  62  30  74  40  76  69  42  54  48   7  43  63  44  69  57  53  59  52  27  40  67   6  40  45  74  91  49  69  97  57  25  52  84  84   8  15  48  15  19  46  26  93  33  57  29  25  19  72  48  47  41  21   4  80  15  48  56  80   5  65   7  48  73  37  26  68  75  13  45  33  50  31  78  12  37  38  17  20  24  68  62  75  46  85  95 
 99  47  75  77  56   6  13  68  30  25  15  76  88  57  86  95  82  19  76  19   3  50  35  32  84  64  41  13  14  76  69  66  22  59  39  51  38  72  21  26  46  75  52  30  55  64  22  66  31  57  17  13  82  46  39  42 100  56  53  40  29  74  59  72  57  84  27  19  49  22  37   6  62  55   8   1  35  82  49  68  91  29  84  84  54  11  54  65  47  65  41  34  22  45  83  31  82  28 100  82 
 86  23  34  46  84  53  62  56  39  20  74  43  38  47  70  29  75  28  63  37  58  66  63  48  49  57  41  47  82  45  93  15  54  20  32  67  59   8  63  18   5  25  35  54  51  88  67  44  20  62  72  69  54  80  26  89  86  37  49  20  82  34  53  31  13  26  70  62  61  35  52  76  21  40  70  68  66  62  20  13  81  25  54  50  60  13  60  92  48  21  24  45  59  76  10  27  53  81 100 100 
 86  16  15  81  49  67  83  68  10   2  65  95 100  64  80  28  94  76  48  64  31  75  39  67  89 100  81 100  75  64  61  58  47  67  14  21  83  64   7   4  60  72  31  72  38  79  28  33  14  33  88  65  43  60  75  94  56 100  73  84  87  47   9  78  76  72  40  23  99  93  55  62  95  38  30  14  48  47  23  15  92 100  31  74  91  92  86  21  79  37  22  40  79  27  28  92  64  85  28  63 
 11  27  64  32  22  14  12  57  78  64  63  45  82 100  68  72  63  61  35  70  67  11  51  69  29  75 100  78 100  45  52  43  16  48   9  57  44  52  67  17  67  12   5  41  29  41  91 100  86  84  46  38  80  38  49  66  76 100  52  64  22  51  21  46  23  87  86  56  77 100  81 100  43  88  41  60  54  83  46  40  89  46  74  98  76  41 100  33  79  75  28  15  62  81  21  27  39  48  19  37 
 20  63  70  71  39   2  54  11  68  81  40  70  72  31  60  75  66  29   1  50  50  37  75  47  96  77 100  81 100  39  32  95  86  42  46  22  59   4  19  55  53  22  78  47  78  64 100  21  76  66  83  46  34  82  88  86  78  23  70  65  17  29   3  30  43  12  50  27  93  37  41  42  86  75  74   7  58  17  67  44  26  34  70  70 100  81  70  83  29  88  80  16  22  84   3  31  36  66  37  66 
 78  19  71  71  75  65  15  34  84  46  42  84  75  41   7  68  13  57  36  86  16  58  78  83  65  82  52  90 100  78 100  28  50  53  10  64  80  23  73  72  81  71  67  35  31  58  74  23  98  45  63  69  70  73  42  75  47  18  67  35  31  70  61  10  21  79  56  76  83  87  67  68  96  31  35   4  27  43  24  72  47  44  91  51  85  59  24  30   8  28  52  24  23  20   4  18  60  88  50  37 
 36  73  55  55  31  63  68  10  43 100  34  86  20  41  50  56  70  75  18  15  48  31 100  89  67 100 100  72  91  50  77  89  54  71  27  40  29  11  57  16  52  55  60  58  77  56  63  72  49  99  42  15  54  79  45  46  85  31  54  52   4  76  34  48  60  50  23  42  54  25  98  98  91  60   6  58  76  45  42  66   8  59  30  90  63  78  81  33   9  39  16  31  15  24  49  90  46  89  57  99 
 23  52  26  54  33  50  77  21  50  59  49  73  70   7  37  60  78  75  63  96  80  86  74  44  54 100  95 100 100  50  82  91  14  16  71  72  72  15   3  70  46  59  13  50  27  54  52  99  22  74  93  77  80  37  95 100  92  51  46  40  39  44   6  72  74  30  37  43  74  52  40  33  65  98  64  71   5  18  38   9   0  65  65  55  49  58  70  75   2  57  60  42  76  61  23  51  30  39  44  32 
 68  84   1  72  16  15   5   7  74  66  72  32  22  46  38  82  20  90  22 100  97 100  51  98  89  41  56  49  77 100  98  52  80  18  36  40  67  75  70  35  63  35  34  88  16  72  49  98  52  32  38  12  56  78  84 100  91  55  52   9  71  74  44  58  13  43  70  33  49  15  57 100  55  77  16  71  52  68  71  26   9  63  66  42  94  77  45  21  11   4  80  58  76  19  46  60  46  71  23  77 
  3  63  79  64  81  50  79  64  52   8  33  63  83  27  37  64  20  25  36  79  68  60  50  75  91  59  89  75 100  68  38  29  79  70  47  19  76  75  27  26  51  36  83  43  42  81  81  37  46  93  74  11  37  90  34 100  51 100  78  26  51   9  74   5  22  79  84  45  53  30  61  99  28  97  56  24  25  91  49  35  52   0  19  54  33  51   6  37  73  49  32  35  38  81  80  27  32  71  89  77 
 44   8  46  13  35  30  45  20   9  31  35  16  34  83  51  43  56  36  73  50  82  77 100  50  90 100 100 100  34  88  90  26  30  89  89  33  14  67  82  26  35  30   1  49  20  70  96  95  85  25  18  64  77  87  54  43  39  32  66  20  36  41  67  52   9  24  58  41  56  95  59  57  97 100  83  64  78  47  22  83  35  54  95  39  75  51  75   9  91  20  24  85  91  44  24  84  12  27  63  98 
 67  11  67  69  34  29   8  43  25  50  62  43  69  49  19  76  26  66  19  12  61  89  65  24 100  63  47  72  77  75  51  40  57  34  78  19  37  72  49  37  74  45  82  42  91  67  43  83  66  35  21  75  20  81  68  61  61  64  52  28  65  81  15  79  77  89 100  46  85 100  67  82  42  69  56 100  63  70 100  15  30   6  88  95  73  27  47  50  56  92  40  29  22  60  82  65  43  87  78  79 
 71  80  44  42   5  58  76  64  23  31  73  29  68  71  23  38  54  49  26  52  42  20  12  85  71  22  49  77  58  46  64 100  67  68  21  63  72  47  74  50  82  34  14  16  67  49  96  39 100  39  23  14  76   0  79  55  74  60   7  15  69  81  48  21  17  19  22  86  45  91  97  83  70  76  82  40  83  41  57  94  64  54  28  47  41  23  76  48  82  95  98  49  22  48  67  26   3  30  25  68 
 67  65  43  12  21  72  28   7  86  61  17  42  63  23  36  33  30  38  49  47  37  63  76  75  80  60  91  52  91  79 100  89 100  23  38  37  80  19  61  81  75  78  40  89  62  73 100  84  98  42 100  27  72  12  41  64  77  71  39  22  63  55  50   3  11  94  52  64  32  49  45  77  42  30  88 100  22  43  55  43  32  26  38  99  59  29  25  59  84  23  27  92  41   9  70  29  79   4  40  68 
 67  37   2   2  75  15  35  50  53  52  70  37  18  64  18  66  54  88  52  30  24  26  79  84  55  28  68  45  73  88  80 100  29  91  61  63  78  28  20  99  95  74  15  52  57  77  31 100  97  96  94  94  24  64  18  49  52   3  29  28  24  24  26  20  60  25  81  64  93  73  63  12  75  59  66  86  28  34  19  30  93  90  69  96  60  11  58  41  56  99  77  83  36  84  45  74  82  61  20  68 
 35   9  33  15  66  28  90  42  66 100  86 100  43  88  62  29  62  94  35  38  59  73  46  32  54   9  54  35  71  82  36  21  45  25   5  84   2  26  47  48  94  73  36  27  21  35  34  63  56  25  74  93  49  37  99  70  41  44  81  23  33  48  14  77  52  37  25  39  39  30  31  74  53  22  48  33 100  83  35  22  24  23  98  76  39  75  83   9  85  42  60  21  84  12  46  76   4  48  10  62 
 62  18  31   7  20  75  54  67  43  92  98 100  53 100  89  59  94  94  38  60  81  34  14  27  42  73  65  85  28  76  17  23  77  55  40  79  11  53  64  32  77  79  56  70  51   5  14  72  23  83  67  84  59  89  68  82  60   3  31  31  19  26  80  11  54  69   6  40  15  13  81  52  84 100  64  83  87  83  40  58  29  38  44  56  85  66  73   4  79  31  84  80  56  38  21  44  30  10   7  36 
 65  36  49  17  21   6  16  91  96  37  45  41  94 100  95  71  61  60 100  39  81  87  83   6  68  21  43  15  10  70  32  35  80  77  69   2  51  46  45  81  69  31  64  11  57  71  34  22  29  24  79  35  70  35  86  10  46  70  62  91  26  36  94  64  90  54  66  61  83  16  79  28  71 100  91  96 100  33  20  63   1  39  75  68  40  32  39  79  72  31  49  44  43  82  54  44  50  75  33  64 
 61  53  13  59  51   4  45  43  45  92  73  43 100  62  89  30  35  97  88  29  91  66  39  54  42  12  63  13  49  68  37  19  31  67  75  58  29  13  49  43  51  65  67  12   9  67  12  45  41   2  28  22   2  37  40  30  84  10  44  44 100  77  22  90  84  56  96  73  79  32  26  85  40 100  45  84 100  67  33  46  50  57  12  21  15  72  58   9  74  33   2  81   7  36  22  76  76  63  40  80 
 71  82  71  53  21   9  10  48  27  46  86  37  86  34  70  87  96  66  99  29  91  32  36  25  57  17  57  57  33  72  20  25   6  75  58  26  19  33  40  69  16  44  38  16  53  33  26   5   4  16  35  52  41  80   5  47  52  47  39  67  81  82  49  91  68  28  50  68  19   7  34  90  41  57  65  80  70  70  51  16  74  31  82  21  82   7  37  67  34  63  58  75   6  40  55  46  21  82  83  35 
 62  65  78   3  12  36  80  53  19  31  78  13   4  73  32  45  69  21  76  44  31  38  65  25  52   1   8  60  81  20  83  71  72  39  70  53  56  81  19  68  75  21  41  15  39  14  45  35  61  24   1  55  28  29  79  27  14  60   2  68  47  42  89  21  34  52  46  22  68   2  12  93  30  77  97 100 100  45  57  28  38  23  57  54  44  15  26  74  25  42  30  74  88  47  64  64  20  29  60   1 
 78  72  74  80  29  53  61  72   4  78  51  15  71  39  31  27  58  64  79  75  56  70 100  64  87  22  35  22  75  49  64  60  49  49  39  50  14  73  32  74  14   1   9  29  40  82   6  52   9  23   4  60  79  14  78  21   6  44  19  58  18  31  97  73  52  88  36  75  28  18  11  73  66  62  90  91  64  46  12  19  11  64  36  37  38  41  29  33  49  52  16  81  18  66  43  69  69  50   7  74 
 45  25  19  68  13  81  14   0  32  45  38  47  71  22  60  39  33  37  76  85  44  90  54  26  80  15  15  80  20  55   1  37  41  16  58  44  21  13  13  52  67  58  19  26   4  82  77  10  61  78  23  15  36  21  23  23  18  68  66  41  74  79  24  89  84  71  30  15   5  14   9  24  82  81  29  44  27  70  58  42  43  57  54  46  74  58  42  46  56   3  27  80   3  40  84  62  52   3  52   9 
