36 60
 78  56  78  22  71  35  20  47  98  97  22  30  66  44  29 100  90  53  76  39  78  19  85  68  81  68  80  25  18  81  32   2  75  37  40  54 
  1  80  58  76  52  52  90  44  56  82  60  15  53  35  82  34  86  82  42  13  54  53  65  26  61  67  29  70  67  50  44  26  60  91  14  79 
 28   6  53  69  21 100  29  51  85  96  30  72  30  75  37  89  52  74  81  55  10  20  73  92  70  88  41  80  53  72  11  63  38 100  28  31 
 39  57  22  80  65  42  82  61  51  68   9  27  59  81  45  79  52  32  54  66  21  63  68  62  26  66  64  63  46  80  53  76 100  12  52   0 
 38   7  48  57  45  13  10  91  44  48  85   7  86  40  59  86  82  78  67  32  43   3  57  59  52 100  51  72  19  59  36  77  75  82  41  72 
 83  85  67   4  54  14  58 100  21  71 100  16  28  50  64  60  57  48  66  67  66  52  25  86  67  27  29  40  40  44  21  30  80  73  21  64 
 57  59  29  19  47  15  39  24  69  61  20  62  46  28  32  50  31  62  74  33  87  80  65  10  53  46  32  17  55   2   7  69  11  80  33  73 
 50  25  78  49  75  76  28  33  75  63  30  84   0   0  66  64  48  92  53  53  55  40  86  37  67  95  84  80  60  11   2  23  28  22  30  71 
 32  33  77  28  60  16  82   6  57  83  86  21  35  19   8  70  41  32  57  16  50  73  92  48  79  97  35  50  65  83  18  78  61  72  76  25 
 27  33  54  61  82  88  28   2  82  57  47  57  55  44  65  93  92  19  43  12  66  68  44  43 100  86  39  33  82  78  72  43  40  70  71  40 
 45  16  75  88  34   8  69  12  38  97  83  58  69  24  50  95  42  68  44 100  13  66  12  36  30  32   3  53  65  50   1  18  75   1   7  13 
 71  70  54 100  52  60  73  70  81  11  88  53  48  24   9  95  94  57 100 100  50   8  46   5  50  44  36  14  89  51  81   1   1  74  79  33 
 19  21  28  24  44  70  69  75  38  86  16  72  74  79  39  80  44  97 100  57  85  60  74  64  42  28  32  54  87  32  76  38  25  27  82  79 
 38  73  28  30  71  94 100  83  59  82  19  68  40  73  63  31  29  43  48  47  23  56  49  78  86  78  56  82  89  74  42  49  82   4  38  21 
 58  78  81 100  17  45  71  75  41   9  29  21  87  37  48  19   8  76  16  21  67  45  15  54  86  40  43  13  48  78   8  54  45  37  53  41 
 72  90  68   1  82   3   2  29  36  42  44  18  57  88  58  71  58   3  67  46  71  31  24  46  46  52   1  50   2  81  32  78  88  37  88  83 
 92  71  34  47   3  73  66  73  15   2  16  52  73  85  64  67  15  11   2  86  13  76  50  62  80 100   7  40  11  62  67  64  91  37  15   6 
 13  24  49  36  78  52  68  59  31  81  10  51  79  58  34  89   2  43  20  42  58   1   4  54 100  20  15  87  16  15  63  94  92  26  14  37 
 44  40  66  41  46  55  84   6  65  20  40  45  32  34  48  83  62  81  88  40  80  18  63  46  44  47  36   8  50  88  42  46  23  81  38  15 
 21  71  67  47  36  71  45  70  87  27  84  74  53  77  84  28  32   2   7  85  70  78   1  58  86 100  63  83  17  74  51  24  77  97  52  28 
 86  53  25  12  10  21  80  70  14  66  40  88  89  39  78  33  33  52  55  54  63  31  52  84  89  63  53  85  27  69  64  75  65  91  15  36 
 68  43  79  53  46  26  88  46  64  20   2  35  63  20  42  63  47  21  67  87  30  68  52  29  62  85  65  67  55  85  24  56  89  43  83  55 
 53  49  57  42  63   8  93  65  38  72  41  70  43 100  24   7   6  72  65  14  23  27  67  58   3  81  82  22  42  31  19  13  24  37  13  78 
 76  21  24  53   3  43   5  42  34  17   3  94  29  67  71  85  70 100  82  70  86  50  56  75  55  23  48  48  25  54  81  48  31  72  39  73 
 64  57  50  89  18  40  28  10  23  48  21  74  39  43  70  78  96  23 100  78  75  68  71  25   7  42  28  36  28  50  55  16  12  87 100  87 
 85  78  21   0  84  80  59  76  26  23  68  36  36  59  57  80  72 100  36  42  81  90  21   1  66  76  38  27  73  84  49  24  31  62  38  26 
 74  34  15  82  32  26  81  41  85   3  70  41  19  38  12  41  25  38  94  20  46  97  36  40  45   0  79  11  55   4  98  48  42   1  84  83 
 83  55  36  13  61  69  33   6  49  48  66  79  11  56  73  48  21  77  59  47  83  81  54  36 100  70  44  38  21  21  83  17  26  10  48  24 
 83  26   5  18  54  66  63  18  54  15  37  29  53  14  28  38  97  56  88  64   5  68 100  48  48  34  41  82  34  83  61  11  84  14  39  31 
  6  82  18  26  34  30  82  28  60  52   7  22   8  33  64  45  30  35  60  34  63  69  77  99  66  19   4  45   7  43  72  84  86  43  86  75 
 20  76   1  16  97  28  76  63  68  42  14   5  40  83 100  34  29  42  79  79  14  48  66  17  51  69  69  27  70  62  73  54  67  61  61  60 
 33  40  16  12  73  54  16  79  24  34   1  53  16  28  68  23  73  25  26  25  37  65  12  66  58  43  31  89  36  88   6 100  84  96  49  11 
 51   9  34  20  13  99  33  29  48 100  74  16  22  49  28  29   7  81  33  55  42  89  55  19  78  43  78 100  42  52  10  52  34  37  39  60 
 24   2  59  17  17  19  66  38  49 100  16  54  69  27  85  67  31  40  20  50   2  30  25  79  62  10  39  88  59  62  82  73  47  73  72  42 
 48  52  80  69  60  17  89  55  82 100 100  60  45  77  73  84  34  79  53  46   1  44  48  52  36  12  68  41   8  18   2  63  62  27 100  78 
 71  30  54  21  56  62  26  92  29  96  70  64  88  33  27  76  11  17  37  62   4  65  76  25  42  67  59  10  81  80  36  15  93  31  67  85 
100  74  12  23  83  46 100  60  84  80  59  59  33  12   5  65  22  99  79  73  79  44  33  68  78  74  71  50  86  13  59  19  42  98  37  53 
 93   7  35  80  77  45  50  60  16  46  75  25  51  32  36  73  96  42  11  77  96  34  87  68  26  69  73  23  53  88  74  18  84  36  19   5 
 89  24   4  84  66  55  12  50  51  44  66   3  65  58   9  16  44  48  73  83 100  87  24  38  26  61  91  41  35  65  52  21  32   6  34  18 
  1  75  24  10  63  71  61  43 100  78  37  78  63  56  13  14  37  14  55  93  60  77  92  46  82  28  33  76  24  33  51  72  33  82  75  81 
 83  34  54  50  29  50  11  76  26  14   5  69  38  56  16  55  45  33  12  85  45  66  90  15  78  68  65  63  88  12  42  31  27  73  54  49 
 73  48   8  57   2  53   6  63  12  85   9  88   8  99  59  83   9  28  19   0   2  55  67  53  31  74  53  54  54  66  63  55  99  18 100  69 
 37  95 100  14  86  51  15  64  10  77   5  69  69 100  85 100  56  88  36  72  54  52  60  23  76  45  37 100  40  25  27  10  46  60  89  19 
 64  89  61  82  85  70  32  37  25  10   3  65  79  71  58  80  76   6  83  47  81  84  70   5  48  59  55  34  66  74  37  18  71  62  71  59 
100  94  25  85  39  90  83  79  15  15  15  11   8  14 100  69  74  18  61  43  19  38  86   6  29  96  36  21  15  64  64   9  88  67  68  39 
 22  33  12  62 100 100  47  83   6   8  80  20  58  15  67  71  56  93  31  51  15  33  62  29  37  46  82  83  59  79  95  76  22  27   3  42 
 44  13  22  27  94 100  66   9  77  46  73  72  41  66  71  84  48  78  90  84  47  76   3  14  95  27  28  64  58 100  35  32  43  38  59  14 
100  51  35 100  75  59  51  27  24  34  40  27  71  83  45  88  42  72  17  10   7  97  15  17  65  55   1   1  36  43  18  45  76  14  61  31 
 80  49  60  16  26  47  44  33  30  36  49  45  22  76  83  12  59  92  52  47  92  29  68  33  15   5  34  63  36  37   4  31  78  88  64  10 
 14  18  57  21   7  32  43  54  42  64  62  31  20  66  87  70  79  62  94  59  94  24  36  83  64  52  65  54  81  24  16  67  57  19  35   8 
 37  90  28  13  84  23  38  89  56  37  25   4  51  71  65  77  30  33  50   9  75  39  73  99  90 100  84  63  24  13  15  73  32   6  40   4 
 72  96  15   1  40  26  47  25  96  60  32  49   2  88  64  56  60  24  86  74   4  87  42  69  36  80  21  60  84   9  83  36  35  82  37  63 
 73  34   6  75   1  77  99 100  53  14  56  18  85  88  55  33  38  20  54  33  27  55  39  65  28  98  60  50  73  73  27  56  85  43  56  59 
 85  90  31  26  37  65  45  41  33  90  85  40  46  46  33  68  50  62  82  27  40  80  83  37  74  16  15  49  43   2  18  18  77  68  56  81 
 74  45  85  55  14  44  50  90  33  80  57  47  45  19 100  52  73  64  20  25   6  41  78  49  61   4  85   0  73  34  55  12  14  19  97  37 
 24  92  79  84  59  85  85  54  88  39  19   6  65  50  64  80   6  62  66  88  13  68  21   8  29  27  46  74  30  34  12  67  54  48  47  48 
 57  31  88  65  29  95  95  37  44  56  77  40  68  51  65  28   2  71  70  55  69  78  52  55   8  26   4  58  41  32  70  83  54  78  80  26 
 80  53  84   3  43  91  86  68  43  82  76  69   8  22  30  19  65  79  59  44   0  73  16  63  18  64  54  22   7  74   9  42  28  51  24  45 
100  74  40  10  43  71  16  70  60  44   3  64  26  10  18  10  50  34  97  52  27  69  13  71 100  19   7  70  86  64   0  27   4  44  58  38 
 23  10  39  22   2   4  58  35  78   3   8   4  76  73  30  68  84 100  47  84  10   6  66  90  55 100 100  28  16  15  64  21  80  66  25  16 
