6 50
 82  72  80  29  48  24 
 60  92  40   3  11  51 
  8  32  80  29  57  85 
 30  84  15  86  81  40 
 37  53  17  77  51  61 
 64  72  40  88  70  17 
100  16  19  45   6  66 
 73  77  28  62  71  55 
 37  27  23  64   8  42 
 54  24  61  91  55  63 
 88  64  15 100  26  12 
 41  59  27 100  80  55 
 76  27  15  79  78  43 
 86  60  10  58  56  72 
 18  34  45  21   8  23 
 45   7  81  48  28  59 
 85  15   4  44  50   6 
 15  50  57  73  36  54 
 96  58  70  43  48  99 
 78  68  46   3  56  63 
 68  72  21  72  89  52 
 59  46  45  51  91  69 
 61  53   6  75  51  15 
 35  80  89  51  39  31 
 21   3  87  13  83   1 
 33  88  43   1  16  41 
 65  16  46  80  10  42 
 55  85  48  27   3  57 
 68  83  72   1  87  70 
 49  25  33  79  15   7 
 20  81  19  14   2  21 
 58  72  13  91  23  35 
 19  71  91   3  20  87 
 54  99  58  55  60  45 
 19  17 100  64 100  49 
 91  66  37  26  70  15 
 42  74  51  56   8   6 
 61  35 100  69  41  21 
 27  89  20  14  48  97 
 68  19  77  23  65   8 
 53  45  64  25   8  72 
 89  22  61  80  47  37 
 44  15  46  56  56  53 
 34  59  44  35  41  91 
 25  21  80  48  47  51 
 49   6  63  92  53  16 
 29  89  73 100 100  93 
 22  97  91  98  37  42 
 50  88  54  40  88  83 
 39  89  79   7  87  81 
